OFF
162 320
3.34345e-07 0 -0.937205
0.678163 -0.492709 -0.419132
-0.259031 -0.797226 -0.419132
-0.838259 0 -0.419132
-0.259031 0.797226 -0.419132
0.678163 0.492709 -0.419132
0.259031 -0.797226 0.419132
-0.678163 -0.492709 0.419132
-0.678163 0.492709 0.419132
0.259031 0.797226 0.419132
0.838259 0 0.419132
-3.34345e-07 0 0.937205
0.397076 -0.288489 -0.794159
-0.151667 -0.466788 -0.794158
0.24541 -0.755282 -0.49082
0.397076 0.288489 -0.794159
0.794153 0 -0.490819
-0.490813 -1.86265e-09 -0.794157
-0.642483 -0.46679 -0.490819
-0.151667 0.466788 -0.794158
-0.642483 0.46679 -0.490818
0.24541 0.755282 -0.49082
0.887893 0.288491 0
0.887893 -0.288491 0
0.548748 -0.755285 -1.2666e-07
0 -0.933584 0
-0.548748 -0.755285 1.2666e-07
-0.887893 -0.288491 0
-0.887893 0.288491 0
-0.548748 0.755285 1.2666e-07
0 0.933584 0
0.548748 0.755285 -1.2666e-07
0.642483 -0.46679 0.490818
-0.24541 -0.755282 0.49082
-0.794153 0 0.490819
-0.24541 0.755282 0.49082
0.642483 0.46679 0.490818
0.490813 0 0.794157
0.151667 -0.466788 0.794158
-0.397076 -0.288489 0.794159
-0.397076 0.288489 0.794159
0.151667 0.466788 0.794158
0.192355 -0.139752 -0.906659
-0.0734719 -0.226124 -0.906659
0.192355 0.139752 -0.906659
-0.237763 0 -0.906658
-0.0734719 0.226124 -0.906659
0.570036 -0.414151 -0.618135
0.496564 -0.640278 -0.471189
0.762391 -0.274398 -0.471188
0.807801 -0.414152 -0.233423
0.643511 -0.64028 -0.233423
-0.21773 -0.670114 -0.618135
-0.0253755 -0.809869 -0.471189
-0.455496 -0.670115 -0.471188
-0.144259 -0.896244 -0.233423
-0.410088 -0.809871 -0.233423
-0.704605 0 -0.618134
-0.778079 -0.226125 -0.471188
-0.778079 0.226125 -0.471188
-0.896962 -0.139753 -0.233423
-0.896962 0.139753 -0.233423
-0.21773 0.670114 -0.618135
-0.455496 0.670115 -0.471188
-0.0253755 0.809869 -0.471189
-0.410088 0.809871 -0.233423
-0.144259 0.896244 -0.233423
0.570036 0.414151 -0.618135
0.762391 0.274398 -0.471188
0.496564 0.640278 -0.471189
0.807801 0.414152 -0.233423
0.643511 0.64028 -0.233423
0.410088 -0.809871 0.233423
0.144259 -0.896244 0.233423
0.455496 -0.670115 0.471188
0.0253755 -0.809869 0.471189
0.21773 -0.670114 0.618135
-0.643511 -0.64028 0.233423
-0.807801 -0.414152 0.233423
-0.496564 -0.640278 0.471189
-0.762391 -0.274398 0.471188
-0.570036 -0.414151 0.618135
-0.807801 0.414152 0.233423
-0.643511 0.64028 0.233423
-0.762391 0.274398 0.471188
-0.496564 0.640278 0.471189
-0.570036 0.414151 0.618135
0.144259 0.896244 0.233423
0.410088 0.809871 0.233423
0.0253755 0.809869 0.471189
0.455496 0.670115 0.471188
0.21773 0.670114 0.618135
0.896962 0.139753 0.233423
0.896962 -0.139753 0.233423
0.778079 -0.226125 0.471188
0.778079 0.226125 0.471188
0.704605 0 0.618134
0.237763 0 0.906658
0.0734719 -0.226124 0.906658
-0.192355 -0.139752 0.906659
-0.192355 0.139752 0.906659
0.0734719 0.226124 0.906658
0.131434 -0.404504 -0.828708
0.328215 -0.547473 -0.678381
0.425323 0 -0.828707
0.622104 -0.142968 -0.67838
0.0562721 -0.635834 -0.678381
-0.344093 -0.249998 -0.828707
-0.419256 -0.481327 -0.67838
0.409446 -0.797476 -0.253054
0.137501 -0.885837 -0.253054
0.622104 0.142968 -0.67838
0.131434 0.404504 -0.828708
0.328215 0.547473 -0.678381
0.884972 0.142968 -0.253053
0.884972 -0.142968 -0.253053
-0.58733 -0.249998 -0.678379
-0.344093 0.249998 -0.828707
-0.58733 0.249998 -0.678379
-0.631921 -0.635837 -0.253053
-0.799994 -0.404506 -0.253053
-0.419256 0.481327 -0.67838
0.0562721 0.635834 -0.678381
-0.799994 0.404506 -0.253053
-0.631921 0.635837 -0.253053
0.137501 0.885837 -0.253054
0.409446 0.797476 -0.253054
0.931428 0 -0.00981512
0.75354 0.547476 0.00981512
0.799994 0.404506 0.253053
0.75354 -0.547476 0.00981512
0.799994 -0.404506 0.253053
0.287827 -0.885838 -0.00981538
0.631921 -0.635837 0.253053
-0.287827 -0.885838 0.00981538
-0.137501 -0.885837 0.253054
-0.75354 -0.547476 -0.00981512
-0.409446 -0.797476 0.253054
-0.931428 0 0.00981512
-0.884972 -0.142968 0.253053
-0.75354 0.547476 -0.00981512
-0.884972 0.142968 0.253053
-0.287827 0.885838 0.00981538
-0.409446 0.797476 0.253054
0.287827 0.885838 -0.00981538
-0.137501 0.885837 0.253054
0.631921 0.635837 0.253053
0.58733 -0.249998 0.678379
0.419256 -0.481327 0.67838
-0.0562721 -0.635834 0.678381
-0.328215 -0.547473 0.678381
-0.622104 -0.142968 0.67838
-0.622104 0.142968 0.67838
-0.328215 0.547473 0.678381
-0.0562721 0.635834 0.678381
0.58733 0.249998 0.678379
0.419256 0.481327 0.67838
0.344093 -0.249998 0.828707
0.344093 0.249998 0.828707
-0.131434 -0.404504 0.828708
-0.425323 0 0.828707
-0.131434 0.404504 0.828708
3 1 48 47
3 14 103 48
3 12 47 103
3 48 103 47
3 13 102 106
3 12 103 102
3 14 106 103
3 102 103 106
3 14 53 106
3 2 52 53
3 13 106 52
3 53 52 106
3 12 102 42
3 13 43 102
3 0 42 43
3 102 43 42
3 12 105 47
3 16 49 105
3 1 47 49
3 105 49 47
3 16 105 111
3 12 104 105
3 15 111 104
3 105 104 111
3 15 67 111
3 5 68 67
3 16 111 68
3 67 68 111
3 15 104 44
3 12 42 104
3 0 44 42
3 104 42 44
3 2 54 52
3 18 108 54
3 13 52 108
3 54 108 52
3 17 107 116
3 13 108 107
3 18 116 108
3 107 108 116
3 18 58 116
3 3 57 58
3 17 116 57
3 58 57 116
3 13 107 43
3 17 45 107
3 0 43 45
3 107 45 43
3 3 59 57
3 20 118 59
3 17 57 118
3 59 118 57
3 19 117 121
3 17 118 117
3 20 121 118
3 117 118 121
3 20 63 121
3 4 62 63
3 19 121 62
3 63 62 121
3 17 117 45
3 19 46 117
3 0 45 46
3 117 46 45
3 4 64 62
3 21 122 64
3 19 62 122
3 64 122 62
3 15 112 113
3 19 122 112
3 21 113 122
3 112 122 113
3 21 69 113
3 5 67 69
3 15 113 67
3 69 67 113
3 19 112 46
3 15 44 112
3 0 46 44
3 112 44 46
3 16 115 49
3 23 50 115
3 1 49 50
3 115 50 49
3 23 115 127
3 16 114 115
3 22 127 114
3 115 114 127
3 22 92 127
3 10 93 92
3 23 127 93
3 92 93 127
3 5 70 68
3 22 114 70
3 16 68 114
3 70 114 68
3 14 110 53
3 25 55 110
3 2 53 55
3 110 55 53
3 25 110 132
3 14 109 110
3 24 132 109
3 110 109 132
3 24 72 132
3 6 73 72
3 25 132 73
3 72 73 132
3 1 51 48
3 24 109 51
3 14 48 109
3 51 109 48
3 18 120 58
3 27 60 120
3 3 58 60
3 120 60 58
3 27 120 136
3 18 119 120
3 26 136 119
3 120 119 136
3 26 77 136
3 7 78 77
3 27 136 78
3 77 78 136
3 2 56 54
3 26 119 56
3 18 54 119
3 56 119 54
3 20 124 63
3 29 65 124
3 4 63 65
3 124 65 63
3 29 124 140
3 20 123 124
3 28 140 123
3 124 123 140
3 28 82 140
3 8 83 82
3 29 140 83
3 82 83 140
3 3 61 59
3 28 123 61
3 20 59 123
3 61 123 59
3 21 126 69
3 31 71 126
3 5 69 71
3 126 71 69
3 31 126 144
3 21 125 126
3 30 144 125
3 126 125 144
3 30 87 144
3 9 88 87
3 31 144 88
3 87 88 144
3 4 66 64
3 30 125 66
3 21 64 125
3 66 125 64
3 10 94 93
3 32 131 94
3 23 93 131
3 94 131 93
3 24 130 133
3 23 131 130
3 32 133 131
3 130 131 133
3 32 74 133
3 6 72 74
3 24 133 72
3 74 72 133
3 23 130 50
3 24 51 130
3 1 50 51
3 130 51 50
3 6 75 73
3 33 135 75
3 25 73 135
3 75 135 73
3 26 134 137
3 25 135 134
3 33 137 135
3 134 135 137
3 33 79 137
3 7 77 79
3 26 137 77
3 79 77 137
3 25 134 55
3 26 56 134
3 2 55 56
3 134 56 55
3 7 80 78
3 34 139 80
3 27 78 139
3 80 139 78
3 28 138 141
3 27 139 138
3 34 141 139
3 138 139 141
3 34 84 141
3 8 82 84
3 28 141 82
3 84 82 141
3 27 138 60
3 28 61 138
3 3 60 61
3 138 61 60
3 8 85 83
3 35 143 85
3 29 83 143
3 85 143 83
3 30 142 145
3 29 143 142
3 35 145 143
3 142 143 145
3 35 89 145
3 9 87 89
3 30 145 87
3 89 87 145
3 29 142 65
3 30 66 142
3 4 65 66
3 142 66 65
3 9 90 88
3 36 146 90
3 31 88 146
3 90 146 88
3 22 128 129
3 31 146 128
3 36 129 146
3 128 146 129
3 36 95 129
3 10 92 95
3 22 129 92
3 95 92 129
3 31 128 71
3 22 70 128
3 5 71 70
3 128 70 71
3 32 148 74
3 38 76 148
3 6 74 76
3 148 76 74
3 38 148 157
3 32 147 148
3 37 157 147
3 148 147 157
3 37 97 157
3 11 98 97
3 38 157 98
3 97 98 157
3 10 96 94
3 37 147 96
3 32 94 147
3 96 147 94
3 33 150 79
3 39 81 150
3 7 79 81
3 150 81 79
3 39 150 159
3 33 149 150
3 38 159 149
3 150 149 159
3 38 98 159
3 11 99 98
3 39 159 99
3 98 99 159
3 6 76 75
3 38 149 76
3 33 75 149
3 76 149 75
3 34 152 84
3 40 86 152
3 8 84 86
3 152 86 84
3 40 152 160
3 34 151 152
3 39 160 151
3 152 151 160
3 39 99 160
3 11 100 99
3 40 160 100
3 99 100 160
3 7 81 80
3 39 151 81
3 34 80 151
3 81 151 80
3 35 154 89
3 41 91 154
3 9 89 91
3 154 91 89
3 41 154 161
3 35 153 154
3 40 161 153
3 154 153 161
3 40 100 161
3 11 101 100
3 41 161 101
3 100 101 161
3 8 86 85
3 40 153 86
3 35 85 153
3 86 153 85
3 36 155 95
3 37 96 155
3 10 95 96
3 155 96 95
3 37 155 158
3 36 156 155
3 41 158 156
3 155 156 158
3 41 101 158
3 11 97 101
3 37 158 97
3 101 97 158
3 9 91 90
3 41 156 91
3 36 90 156
3 91 156 90
